10806573704541203
8161510403317103
22387883000479202
6880949703068203
7729531303813003
9069458404256003
22190120000083202
5598041504523203
4773293003914103
11548311803030703
3922226004512203
9976632004130103
22749708000424902
22674906000896302
9259097103544503
3823837604347003
8817709703599303
6830998303948303
6657967403219903
7503482904371103
22322981000467402
25075599000137702
10244131104049203
22393929000080002
8113323603707703
9810029203709403
10865516703828503
10030017003922003
5853580003657303
4516942204173503
9309422203117003
9317959104661903
9206849803839403
9602734303114603
10777503004202503
11184875804505303
10406494203899703
22560172000869702
9199259603524403
4430885703261403
11074002303440803
5579890303490603
5495567804809203
25118733000176102
7081374603028103
22395142000168602
10255817104330703
10225049703537403
9248667104061903
8263527304935303
7816055704516703
22102399000135202
22351265000781002
8360426303522703
7898122804591603
